#,Name,Start,End,Length
M33,40,0:00.000,,
M34,44,0:30.000,,
M35,48,0:57.272,,
M36,52,1:22.272,,
M37,56,1:45.349,,
M38,60,2:06.778,,
M39,66,2:26.778,,
M40,72,2:44.960,,
R20,1-4,0:00.000,0:18.000,0:18.000
R21,1-5,0:18.000,0:30.000,0:12.000
R22,1-4,0:30.000,0:46.363,0:16.363
R23,1-5,0:46.363,0:57.272,0:10.909
R24,1-4,0:57.272,1:12.272,0:15.000
R25,1-5,1:12.272,1:22.272,0:10.000
R26,1-4,1:22.272,1:36.118,0:13.846
R27,1-5,1:36.118,1:45.349,0:09.230
R28,1-4,1:45.349,1:58.206,0:12.857
R29,1-5,1:58.206,2:06.778,0:08.571
R30,1-4,2:06.778,2:18.778,0:12.000
R31,1-5,2:18.778,2:26.778,0:08.000
R32,1-4,2:26.778,2:37.687,0:10.909
R33,1-5,2:37.687,2:44.960,0:07.272
R34,1-4,2:44.960,2:54.960,0:10.000
R35,1-5,2:54.960,3:01.626,0:06.666
