#,Name,Start,End,Length
R0,1-1,0:00.000,0:06.098,0:06.098
R1,2-1,0:06.098,0:11.320,0:05.221
R2,2-2,0:11.320,0:16.859,0:05.539
R3,2-3,0:16.859,0:21.812,0:04.952
R4,2-4,0:21.812,0:25.282,0:03.470
R5,3-1,0:25.282,0:30.007,0:04.724
R6,3-2,0:30.007,0:34.725,0:04.718
R7,3-3,0:34.725,0:39.391,0:04.665
R8,3-4,0:39.391,0:45.190,0:05.798
