#,Name,Start,End,Length
M3,,0:23.361,,
M1,,0:35.429,,
M2,,0:56.766,,
R0,1-1,0:00.000,0:05.690,0:05.690
R1,2-1,0:05.690,0:10.559,0:04.868
R2,3-1,0:10.559,0:15.494,0:04.934
R3,4-1,0:15.494,0:22.871,0:07.377
R4,5-1,0:22.871,0:33.286,0:10.414
R5,6-1,0:33.286,0:40.980,0:07.694
R6,7-1,0:40.980,0:45.845,0:04.865
R7,8-1,0:45.845,0:53.257,0:07.411
R8,9-1,0:53.257,1:00.670,0:07.413
R9,10-1,1:00.670,1:11.293,0:10.622
